00 387
99 388
98 355
97 382
96 353
95 385
94 357
93 392
92 416
91 404
90 367


89 377
88 378
87 378
86 388
85 401
84 355
83 388
82 391
81 376
80 366


79 390
78 396
77 379
76 399
75 360
74 381
73 393
72 386
71 377
70 384


69 361
68 390
67 382
66 391
65 375
64 404
63 365
62 380
61 392
60 372


59 369
58 402
57 381
56 369
55 391
54 415
53 381
52 350
51 388
50 386




49 430
48 420
47 434
46 375
45 408
44 398
43 429
42 403
41 431
40 383
39 388
38 411
37 389
36 380
35 381
34 373
33 363
32 370
31 399
30 379




29 390
28 383
27 393
26 413
25 386
24 392
23 394
22 365
21 365
20 390




19 393
18 384
17 428
16 396
15 389
14 386
13 386
12 390
11 398
10 368


09 373
08 395
07 370
06 402
05 372
04 396
03 394
02 374
01 398