05 240				01 a 10	
10 240				05 240		
53 238				04 231
23 233				06 218
04 231				02 214
33 230				
54 229				
24 226				10 a 20
51 226				10 240
42 223				17 221	
17 221				13 217	
37 221				16 215
52 221				
28 220
27 219				20 a 30	
30 219				23 233	
32 219				24 226	
06 218				28 220	
43 218				27 219
13 217	
34 217				30 a 40
56 217				33 230
16 215				37 221	
36 215				30 219	
02 214				32 219
29 214	
18 213				40 a 50
41 213				42 223	
50 213				43 218
35 212				41 213
44 212				44 212
38 211	
08 210				50 a 60
12 208				53 238
59 207				54 229
01 206				51 226	
11 206				52 221
45 206	
49 206	
58 205	
47 204	
40 203	
20 201	
31 199	
46 199
07 198
14 197
19 197
39 197
60 196
03 195
25 194
48 194
15 192
57 191
09 188
22 188
55 181
21 180
26 171